203, 4
204, 5
205, 10
206, 2
207, 1
208, 7
209, 7
210, 1
211, 
212, 2
213, 3
214, 5
215, 5
216, 7
217, 7
218, 4
219, 
220, 9
221, 8
222, 1
223, 7
224, 
225, 4
226, 6
227, 9
228, 1
229, 5
230, 7
231, 3
232, 8
233, 4
234, 2
235, 9
236, 4
237, 5
238, 3
239, 10
240, 9
241, 2
242, 9
243, 9
244, 6
245, 5
246, 3
247, 2
248, 5
249, 6
250, 6
251, 6
252, 5
253, 6
254, 10
255, 2
256, 4
257, 4
258, 
259, 3
260, 3
261, 7
262, 1
263, 6
264, 1
265, 1
266, 9
267, 2
268, 3
269, 3
270, 
271, 
272, 6
273, 3
274, 7
275, 1
276, 8
277, 8
278, 9
279, 7
280, 9
281, 5
282, 5
283, 1
284, 
285, 2
286, 5
287, 6
288, 3
289, 9
290, 7
291, 2
292, 8
293, 5
294, 10
295, 10
