405, 5
406, 
407, 1
408, 4
409, 5
410, 
411, 9
412, 8
413, 1
414, 5
415, 1
416, 2
417, 6
418, 1
419, 3
420, 10
421, 
422, 6
423, 1
424, -1
425, 8
426, 4
427, 9
428, 4
429, 3
430, 9
431, 2
432, 10
433, 1
434, 1
435, 7
436, 4
437, 2
438, 5
439, 6
440, 9
441, 7
442, 4
443, 3
444, 9
445, 8
446, 6
447, 9
448, 3
449, 7
450, 10
451, 8
452, 
453, 10
454, 1
455, 6
456, 3
457, 6
458, 10
459, 6
460, 10
461, 4
462, 2
463, 7
464, 8
465, 9
466, 8
467, 8
468, 3
469, 
470, 10
471, 5
472, 4
473, 1
474, 6
475, 6
476, 6
477, 9
478, 5
479, 7
480, 5
481, 4
482, 3
483, 9
484, 6
485, 1
486, 9
