405, 10
406, 2
407, 
408, 7
409, 10
410, 10
411, 7
412, 10
413, 1
414, 3
415, 6
416, 8
417, 4
418, 6
419, 3
420, 10
421, 5
422, 2
423, 9
424, 7
425, 8
426, 1
427, 7
428, 1
429, 9
430, 6
431, 10
432, 1
433, 8
434, 9
435, 8
436, 10
437, 2
438, 3
439, 
440, 10
441, 10
442, 4
443, 2
444, 6
445, 8
446, 10
447, 9
448, 1
449, 1
450, 4
451, 7
452, 6
453, 10
454, 8
455, 10
456, 5
457, 7
458, 3
459, 
460, 7
461, 1
462, 10
463, 8
464, 5
465, 2
466, 1
467, 6
468, 5
469, 8
470, 5
471, 
472, 2
473, 5
474, 1
475, 8
476, 7
477, 8
478, 2
479, 4
480, 8
481, 9
482, 8
483, 4
484, 1
485, 
486, 
