1130 1899 1028 1079 1516 1583 1486 1200 1537 1131 
1762 2730 2564 2325 2336 2428 2375 1798 1873 1145 
2209 2947 2821 2454 2396 1942 2115 2211 3094 1624 
2301 2712 2525 2610 2738 2690 2224 2372 2337 1272 
2227 2743 2968 2973 2809 2682 2920 2818 1947 801 
1518 1888 2174 3404 3461 3594 2997 2504 1769 928 
1650 2238 2640 2943 3002 2695 2538 2432 1888 1067 
1095 1922 2411 2866 2324 2333 1992 3022 2095 1027 
1765 2330 2723 2363 1274 1605 1671 2557 2324 1638 
1094 1898 1358 1340 878 1032 987 1579 1607 1086 
