405, 6
406, 2
407, 10
408, 4
409, 
410, 10
411, 8
412, 1
413, 6
414, 5
415, 7
416, 3
417, 9
418, 
419, 1
420, 5
421, 1
422, 10
423, 3
424, 2
425, 
426, 4
427, 9
428, 4
429, 7
430, 3
431, 7
432, 8
433, 4
434, 1
435, 9
436, 
437, 2
438, 3
439, 
440, 9
441, 2
442, 7
443, 
444, 1
445, 10
446, 7
447, 10
448, 5
449, 1
450, 5
451, 8
452, 6
453, 2
454, 10
455, 3
456, 
457, 1
458, 1
459, 8
460, 1
461, 
462, 8
463, 6
464, 4
465, 3
466, 3
467, 3
468, 2
469, 2
470, 5
471, 6
472, 4
473, 8
474, 4
475, 3
476, 7
477, 9
478, 10
479, 4
480, 7
481, 4
482, 2
483, 5
484, 8
485, 9
486, 6
