203, 10
204, 7
205, 10
206, 9
207, 10
208, 6
209, 
210, 1
211, 
212, 2
213, 7
214, 10
215, 6
216, 5
217, 10
218, 8
219, 
220, 3
221, 3
222, 4
223, 9
224, 
225, 9
226, 
227, 1
228, 10
229, 10
230, 4
231, 3
232, 10
233, 
234, 2
235, 1
236, 6
237, 3
238, 9
239, 3
240, 5
241, 7
242, 5
243, 7
244, 1
245, 
246, 1
247, 1
248, 8
249, 4
250, 6
251, 3
252, 
253, 5
254, 3
255, 9
256, 1
257, 8
258, 1
259, 8
260, 6
261, 10
262, 10
263, 4
264, 
265, 7
266, 3
267, 7
268, 6
269, 3
270, 8
271, 8
272, 10
273, 1
274, 
275, 7
276, 1
277, 1
278, 5
279, 
280, 2
281, 
282, 
283, 9
284, 9
285, 
286, 2
287, 9
288, 6
289, 5
290, 3
291, 1
292, 7
293, 5
294, 4
295, 5
